t,TM1,TN1,TM2,TN2,TM3,TN3,TM4,TN4,R1,R2,R3,R4,RE1,RE2,RE3,RE4
0,849.625837,849.9999999999999,851.299214,849.9999999999211,850.867119,850.0000000000013,849.002314,849.999999998872,0.3741629999998395,1.299214000078905,0.8671189999987519,0.9976859988720435,0.0004403856188283966,0.001526154351739957,0.0010191003749420381,0.0011751275378408964
5,834.243643,834.2654630350036,850.789627,849.6569818681214,850.853782,849.9969847722225,839.457494,840.7740106880212,0.021820035003543126,1.1326451318785757,0.8567972277775198,1.3165166880212382,2.6155470511080807E-05,0.0013312869550048895,0.0010069852727968714,0.0015682946396107082
10,822.205579,821.6844630682162,847.132362,848.1451786448033,850.897012,849.9780056182233,840.027628,838.8330766292261,0.5211159317836973,1.0128166448033653,0.9190063817767395,1.1945513707739792,0.0006338024760395081,0.0011955825207907301,0.0010800441990231593,0.0014220381936937664
12,817.201789,816.63058834144,842.939822,842.9399133278407,850.942083,849.9669175836912,839.762275,838.3083578151819,0.5712006585599738,9.132784066423483E-05,0.9751654163088688,1.453917184818124,0.0006989713755508847,1.0834443726664371E-07,0.0011459832999102817,0.0017313437720432535
14,812.558411,811.742691500173,838.594184,838.5892975548696,850.966688,849.9509185045473,838.615278,837.750593261452,0.8157194998269688,0.004886445130409811,1.0157694954526733,0.8646847385480214,0.0010038902911891326,5.8269485093517065E-06,0.0011936654040359724,0.001031086317208761
15,808.274035,807.8939032871417,836.567879,837.8562283208805,850.982095,849.9414523744038,837.498162,837.4564381238936,0.38013171285831504,1.2883493208805703,1.040642625596206,0.04172387610640271,0.0004703005371913438,0.001540041583261136,0.0012228725277659408,4.981966289545447E-05
16,788.449302,788.4882704615845,834.725568,834.7404023335494,850.943922,849.9301483353197,835.768857,836.4643871257331,0.038968461584545366,0.01483433354940189,1.0137736646803432,0.6955301257330575,4.94241817269633E-05,1.7771509724980523E-05,0.0011913519075353865,0.0008322039280449732
17,743.31841,743.4907662656567,832.933975,833.6677346221861,850.935874,849.916393503194,833.269426,834.3875598606849,0.172356265656731,0.7337596221860849,1.019480496806068,1.1181338606849067,0.0002318740708396164,0.0008809337164882546,0.0011980697111919716,0.0013418635387264367
18,656.379995,657.0050721924222,831.21066,831.742365904709,850.925986,849.8992663235996,830.128682,831.6026535021153,0.6250771924221681,0.5317059047090424,1.0267196764003756,1.4739715021153188,0.0009523099381207803,0.0006396764746845793,0.0012065910470389321,0.0017755939941312842
19,552.8842,553.5173615869559,829.453044,828.6977778795949,850.95427,849.8775500860096,827.079213,828.5889719117897,0.6331615869559073,0.7552661204050537,1.0767199139903596,1.5097589117897314,0.0011451974698425229,0.0009105592243809448,0.0012653087856182444,0.00182541029693335
20,458.711356,458.9261192423104,803.708523,803.6794973711415,851.18147,849.849832352616,824.261115,825.771289747925,0.2147632423103687,0.029025628858562413,1.3316376473840137,1.5101747479250207,0.0004681881961308337,3.611462119403506E-05,0.0015644579849512159,0.0018321557579784905
21,392.193985,392.2106090350401,765.429849,766.0093277784068,851.18285,849.8147324715925,821.599479,823.1112010633714,0.016624035040081253,0.5794787784068376,1.368117528407538,1.5117220633713941,4.238727689839826E-05,0.0007570632098603168,0.001607313315120879,0.0018399744668915427
22,346.834691,347.28633082430264,728.229802,729.1696290276238,851.372116,849.7714159619505,819.002723,820.6414907995265,0.4516398243026174,0.9398270276238918,1.6007000380494674,1.6387677995265904,0.001302176039543338,0.001290563809724299,0.0018801414892115956,0.0020009308314919857
23,314.508506,315.43808743759405,699.037546,700.0366529008784,851.416961,849.7200762164169,816.547589,818.2816294405818,0.9295814375940381,0.9991069008783597,1.696884783583073,1.7340404405817935,0.002955663900530684,0.001429260712239854,0.001993012661610664,0.002123624469585928
24,290.268987,291.6276042450675,672.371045,673.508446995123,851.496535,849.6614222810105,812.423057,812.4299944659896,1.358617245067535,1.1374019951230139,1.835112718989535,0.006937465989608427,0.004680545652186863,0.0016916284595851594,0.0021551616989134727,8.539228336559171E-06
25,271.137318,272.78370780136754,642.524978,643.9451431776807,851.480666,849.5945899783337,793.05933,793.0958966646787,1.6463898013675475,1.4201651776807012,1.8860760216663266,0.03656666467861669,0.006072162303263425,0.0022102878896650474,0.002215054430450599,4.61083594825329E-05
26,255.224181,256.8495599558974,599.882545,599.9054669541306,851.498605,849.5142200847262,755.006037,755.1257905375608,1.6253789558974177,0.022921954130538325,1.9843849152738358,0.11975353756076856,0.0063684363665267975,3.821073695441217E-05,0.0023304617337263117,0.00015861268876286955
27,239.889265,240.9584978389205,514.248797,514.44105752159,851.533562,849.4083116559663,705.732366,705.8713678118131,1.0692328389204988,0.19226052159001483,2.1252503440337023,0.1390018118131593,0.004457193359279745,0.00037386674059640987,0.0024957916386080183,0.0001969610839885432
28,225.994337,227.4812693880391,409.07121,410.1626425555845,851.42915,849.2580979307631,632.620212,632.9399972240403,1.4869323880390937,1.091432555584504,2.1710520692369073,0.3197852240402881,0.00657951171599089,0.0026680747236758704,0.0025498916371807416,0.0005054932137392538
29,214.138042,215.73945503266737,347.444744,348.3171096348359,851.217805,849.0400125301538,549.539639,549.8169058542903,1.6014130326673524,0.8723656348358872,2.1777924698461675,0.27726685429036024,0.007478414473722293,0.0025108039476800584,0.0025584432762730657,0.0005045438665623905
30,203.100978,204.7613058362742,310.495407,311.1079341969579,850.843204,848.7280054355278,480.640689,481.9809575383209,1.660327836274206,0.6125271969578989,2.1151985644721663,1.3402685383209132,0.008174888435417608,0.0019727415708854557,0.0024860027729294363,0.0027885041133521534
31,192.432393,194.14034716662854,286.813954,287.34092555242216,850.266767,848.2934429343068,420.548282,419.53476632493175,1.7079541666285536,0.5269715524221397,1.9733240656931912,1.01351567506822,0.008875606336343558,0.0018373288505416985,0.0023208293470714835,0.002409986482998449
32,184.081495,186.20933047205162,270.082671,270.53531082528235,849.489727,847.7021363113671,373.325714,373.629756216903,2.127835472051629,0.4526398252823469,1.7875906886329176,0.3040422169029853,0.01155920355846539,0.0016759306459996721,0.002104311131514034,0.0008144154166219187
33,176.759343,178.75482607110848,257.560027,257.95000434729303,848.45405,846.911231498232,335.70701,336.23356505413767,1.995483071108481,0.38997734729304057,1.5428185017680107,0.5265550541376456,0.011289265038219117,0.001514122171190177,0.001818387809885533,0.0015684958563648866
34,168.888059,170.61246467335752,247.688121,248.02816202716525,847.131902,845.8690009529399,304.624941,305.4568045375733,1.7244056733575235,0.3400410271652561,1.2629010470600406,0.8318635375733265,0.010210346921907152,0.0013728596502423952,0.0014907962314705044,0.0027307794786682505
35,161.930511,162.01695676497576,239.616943,239.90776369223357,845.354991,844.5182942811879,279.201362,280.3654900102927,0.08644576497576395,0.29082069223358076,0.8366967188121635,1.1641280102926999,0.00053384482295473,0.001213690019547494,0.0009897578268537879,0.004169492591131055
36,156.727537,156.99272082089388,232.652447,232.9251744570724,843.189768,842.8022262698337,258.398055,259.8598788613029,0.26518382089386705,0.2727274570723921,0.38754173016627647,1.4618238613028893,0.0016920052849032333,0.0011722526910382856,0.0004596138910526681,0.005657255668208839
37,151.982353,152.2396251813392,226.683996,226.93137650767773,840.575819,840.6700353630177,241.390857,243.10599604686695,0.2572721813392036,0.24738050767771824,0.09421636301772196,1.7151390468669376,0.0016927766695334927,0.0010913011595124616,0.00011208550244736692,0.007105236164213699
38,146.947277,147.14667106714379,221.424974,221.65010694622487,837.418855,838.0815940752937,227.516539,229.42519127343513,0.19939406714377128,0.22513294622487479,0.6627390752936435,1.9086522734351377,0.0013569088942272218,0.00101674595307788,0.0007914069182185341,0.008389070446589106
39,142.184489,142.37523401618998,216.73956,216.94731188499088,833.76269,835.0099467410483,216.049985,218.15227911804965,0.19074501618996464,0.20775188499086994,1.247256741048318,2.102294118049656,0.0013415318191983981,0.0009585323740200908,0.001495937340453934,0.009730591363149856
40,138.500989,138.77456201283158,212.548551,212.73709778270126,829.556682,831.4419535054269,206.365192,206.4395760388123,0.27357301283157653,0.1885467827012519,1.8852715054268856,0.0743840388122976,0.0019752423055374464,0.0008870763023985607,0.0022726253025671917,0.0003604485722199585
42,131.657027,132.5369553978176,205.318211,205.77906709391272,819.588596,822.3851191335499,191.053916,191.62750932695434,0.8799283978175936,0.4608560939127244,2.79652313354984,0.5735933269543523,0.006683489805808797,0.002244594338067384,0.003412105960476102,0.0030022589380180637
44,125.841326,126.69783656125759,199.451868,199.8870172584072,807.73728,811.5859921537707,179.014422,179.67382123205098,0.8565105612575934,0.43514925840722185,3.8487121537706344,0.6593992320509869,0.006806274126971559,0.002181725660284224,0.004764806885935281,0.0036834978136621134
46,119.806412,120.40962916715381,194.877929,195.2744479901707,794.324635,799.2953831135729,170.124762,170.706176935082,0.6032171671538151,0.3965189901707049,4.970748113572995,0.5814149350819946,0.005034932246813427,0.002034704454246868,0.006257829474938789,0.003417579711776435
48,115.242292,115.95148968542392,190.906647,191.28031787422742,779.75464,785.7881424728209,162.289141,162.78043584872617,0.7091976854239164,0.37367087422742884,6.033502472820942,0.49129484872617013,0.00615397067444577,0.0019573486837649442,0.007737693581176948,0.0030272810965594433
50,110.078102,110.51728092311224,186.999755,187.3284849080473,764.23387,771.3344246843993,156.292091,156.71665273393384,0.4391789231122374,0.3287299080473076,7.100554684399299,0.42456173393384233,0.0039897029030554814,0.0017579162499293522,0.009291075628981607,0.0027164633297653068
60,95.956592,96.02351134023488,171.551688,173.0363194967156,681.211093,692.8331488448349,135.342518,135.38134150499394,0.06691934023487534,1.4846314967155934,11.622055844834904,0.03882350499392828,0.000697391798104661,0.008654135170710727,0.01706087285462761,0.0002868537217101892
70,85.182022,86.0612367414128,159.744,161.63223613427076,600.843628,618.5890599380908,123.039608,123.52570298797842,0.8792147414127953,1.8882361342707554,17.74543193809086,0.48609498797841866,0.010321599802042681,0.011820388460729388,0.02953419344257548,0.003950719576239374
80,77.101018,77.21116887093828,148.812164,150.76777285992944,529.271293,551.9835906846179,112.420366,112.49881126383903,0.11015087093828413,1.9556088599294412,22.71229768461785,0.07844526383902917,0.0014286565053950927,0.013141458381919918,0.04291239291645816,0.0006977851667822285
90,70.465232,71.28223490167355,136.709628,138.60225945818553,467.862528,493.351075201219,103.520865,104.28446523812923,0.8170029016735469,1.8926314581855195,25.488547201218978,0.7636002381292286,0.011594411576953964,0.013844170932756245,0.05447871046688949,0.007376293060623369
100,65.564481,65.65466948139597,127.343926,128.9863370504582,414.983484,441.97717734681515,94.083296,94.18983794376537,0.09018848139596969,1.6424110504581932,26.993693346815178,0.10654194376536452,0.0013755692109569157,0.012897443184358814,0.06504763294824326,0.0011324214636928166
110,61.509532,60.87700486089391,116.054689,117.62308928549538,369.604191,396.88541018924286,88.773443,88.44690018098791,0.632527139106088,1.568400285495386,27.281219189242847,0.32654281901209004,0.010283400288366494,0.013514320696644891,0.07381198550652486,0.0036783840749771307
120,57.740743,57.68985003104633,108.227345,109.66185757410136,330.138254,357.1678104125518,83.228831,84.45286348484188,0.05089296895366857,1.4345125741013618,27.029556412551756,1.224032484841885,0.0008814048158969581,0.013254622240815033,0.08187344570057535,0.014706832597971791
130,54.672366,55.34029549927221,100.175447,101.5159448990101,295.879009,322.0625462543011,77.416967,77.65114229898941,0.667929499272212,1.3404978990100886,26.183537254301086,0.23417529898941325,0.01221694885625056,0.013381501547081577,0.08849406837881185,0.003024857574043339
140,52.215882,53.51620048769246,90.502237,92.16388925407577,265.979077,290.9028531760949,72.468624,72.74243067691664,1.3003184876924578,1.6616522540757757,24.92377617609486,0.2738066769166352,0.0249027391262386,0.01836034455232058,0.09370577737622143,0.003778278954442893
150,49.973673,51.66683397479917,84.09749,85.49125326147671,239.712627,263.1334584330048,68.146759,68.50850156081412,1.69316097479917,1.393763261476721,23.42083143300482,0.3617425608141218,0.03388105922890979,0.01657318501987064,0.09770378693069356,0.005308287086904923
160,48.257594,48.632862225347914,78.492847,79.65445418854338,216.340398,238.32016607234263,64.061373,64.47548132327267,0.3752682253479165,1.1616071885433854,21.979768072342637,0.41410832327267144,0.007776355890182103,0.014798892293247885,0.10159807541974956,0.006464243644491844
170,46.727402,48.18326480264231,73.346233,74.50514393944847,195.715114,216.12296981493245,60.57799,61.018875838904926,1.455862802642315,1.1589109394484751,20.407855814932446,0.4408858389049257,0.03115651074806845,0.01580055160363144,0.10427327454604475,0.0072779872508963355
180,45.313672,45.82124148080112,68.221317,69.37364557150842,177.483105,196.2514054423894,57.495602,57.94078277229285,0.5075694808011235,1.15232857150842,18.768300442389403,0.4451807722928507,0.011201243651168317,0.016891033802651743,0.10574696922498288,0.00774286652904079
190,43.99904,45.75315007659576,64.977699,65.92736509440003,161.116761,178.46419676918637,54.538012,55.07034848256447,1.754110076595758,0.9496660944000297,17.347435769186376,0.5323364825644674,0.03986700793007661,0.01461526199011802,0.10766996345703832,0.009760834013613613
200,42.748827,43.70319709949341,61.850477,62.593859436628,146.276337,162.5590076264547,52.040537,52.61087923572009,0.9543700994934099,0.7433824366280035,16.28267062645469,0.5703422357200907,0.022325059340070546,0.01201902511807635,0.11131445427468345,0.010959576295688314
