t,TM1,TN1,TM2,TN2,TM3,TN3,TM4,TN4,R1,R2,R3,R4,RE1,RE2,RE3,RE4
0,848.017526,850.0000000000003,850.316531,849.9999999998846,850.388496,849.9999999999989,848.45737,849.9999999999071,1.9824740000003658,0.31653100011544666,0.3884960000011688,1.5426299999071489,0.0023377747973576265,0.0003722507896479395,0.0004568453146162607,0.0018181585244608682
5,845.20973,846.8697895885949,849.185488,849.8471029594344,850.144096,849.9119251968898,848.160229,849.272629922417,1.6600595885948906,0.6616149594344733,0.23217080311019345,1.1124009224170095,0.001964080073468736,0.0007791171290417452,0.00027309582481673016,0.0013115457249493474
10,832.500435,832.4357177758217,842.548393,842.5422374001726,848.492991,847.0046060760294,845.062305,846.7092448372739,0.06471722417836645,0.0061555998274798185,1.4883849239705569,1.6469398372738624,7.773836680141369E-05,7.305930292694557E-06,0.0017541511123343586,0.0019488975280631672
12,825.514032,827.4865215818621,836.77263,836.8083744527705,846.556309,844.9804557523238,841.108583,841.122260260391,1.972489581862078,0.03574445277047289,1.575853247676264,0.013677260391091295,0.0023894076967816797,4.271704342250402E-05,0.0018614866263742696,1.6260992537144633E-05
14,818.214636,818.2436242936698,830.880509,830.9097307897975,843.20433,841.9562213802631,835.205358,836.6382818677284,0.028988293669726772,0.029221789797588826,1.2481086197369677,1.432923867728391,3.5428715638040445E-05,3.5169665771506056E-05,0.0014801971186947861,0.0017156545441227773
15,814.632658,815.7328343723542,828.198708,829.9254379884202,841.226961,840.2700568996597,831.563929,831.5508422966012,1.1001763723542126,1.7267299884201748,0.956904100340239,0.01308670339881246,0.0013505183735884705,0.0020849223401833354,0.0011375100236953046,1.5737459192764554E-05
16,811.06871,811.0822114402131,825.475862,825.5163257565895,838.994849,838.4125887051989,828.077035,828.7539287644694,0.013501440213076421,0.04046375658947454,0.5822602948011308,0.6768937644693551,1.6646481422118258E-05,4.9018703577155044E-05,0.0006939974607652577,0.0008174284950063313
17,800.28618,800.3179433283383,822.827171,822.8435791021201,836.561335,836.3614107921771,824.667964,826.2156793716397,0.031763328338342944,0.01640810212006727,0.19992420782284626,1.547715371639697,3.968996233115377E-05,1.9941128220311614E-05,0.00023898332310905363,0.001876773973530633
18,776.102658,776.175582085076,820.108678,821.5328082963855,834.098766,834.1702224209292,821.214818,821.2062580108732,0.07292408507601067,1.4241302963854423,0.07145642092928028,0.00855998912686573,9.396190610135839E-05,0.0017365141164686496,8.566901647865558E-05,1.0423568765737651E-05
19,746.275566,746.3995433542043,807.833664,807.9302642941592,831.831742,831.4986235570346,817.711313,818.5734454726312,0.12397735420427125,0.09660029415920235,0.3331184429653149,0.8621324726311741,0.00016612811654652412,0.00011957943629247215,0.0004004637309997181,0.0010543237679667202
20,717.149254,717.2549245714034,792.021959,792.1056934910064,828.824737,827.7211607111792,813.100428,813.1132002009632,0.10567057140337965,0.08373449100633934,1.1035762888208183,0.01277220096324072,0.000147348088022106,0.00010572243617091346,0.0013314953566845801,1.5708023908752293E-05
21,670.667343,670.9673863749648,776.88798,776.9647702159965,823.756035,822.3872253762905,796.068225,796.1323874449888,0.3000433749648437,0.07679021599653879,1.368809623709467,0.06416244498882406,0.000447380326620203,9.884335705198939E-05,0.0016616687047512398,8.0599178529986E-05
22,544.316059,544.3725768135569,760.482206,760.3537507928032,816.566622,815.2256039356266,774.969329,774.9852082758988,0.056517813556865804,0.1284552071967937,1.3410180643734293,0.015879275898782907,0.00010383271377423352,0.00016891283738569644,0.0016422641193548923,2.0490199166040683E-05
23,433.244601,433.3764974706506,748.294555,747.2163250956295,807.594668,806.2272665882334,752.235849,752.3115031584051,0.13189647065058807,1.0782299043704597,1.3674014117665365,0.07565415840508649,0.00030443880973046,0.0014409164107447765,0.0016931778600679625,0.00010057239163177197
24,356.232064,357.38011842733124,730.776698,730.7904626384026,797.152755,795.5273073061722,729.318821,729.3549371229749,1.1480544273312603,0.013764638402562923,1.6254476938277094,0.036116122974931386,0.0032227711746106616,1.883562850352807E-05,0.002039066770618775,4.952034958512525E-05
25,301.660815,302.2909244050241,710.31812,710.3486725404376,785.882927,783.1967226041811,705.152431,705.1891690004413,0.6301094050240863,0.030552540437611242,2.6862043958188906,0.03673800044134623,0.0020888009767661944,4.3012475083151815E-05,0.0034180719589788095,5.209937430017345E-05
26,265.587265,266.14409973124833,694.495499,695.3839183582911,773.849163,769.5033709160674,675.867935,676.0064669514518,0.5568347312483297,0.8884193582911166,4.345792083932565,0.13853195145179598,0.002096616836083348,0.0012792298288042852,0.005615812863433394,0.00020496896550033252
27,237.671727,238.2373065950703,679.690059,679.7072124615859,760.922235,754.869245710462,647.78566,647.8867808812739,0.5655795950702895,0.017153461585849072,6.052989289538004,0.10112088127391416,0.002379667124101343,2.5237181798842628E-05,0.007954806695243968,0.00015610237694041291
28,215.187985,215.90817197847255,664.761705,666.6743867087495,747.552599,739.7516231031005,615.818806,616.0161367384114,0.7201869784725545,1.91268170874946,7.800975896899445,0.19733073841143778,0.0033467806228705313,0.0028772441227634497,0.010435353856484211,0.00032043636291847474
29,197.036762,197.55759080740253,648.032168,648.1137183884795,734.029178,724.3424195828545,576.980451,577.2531320565776,0.5208288074025234,0.08155038847951346,9.686758417145484,0.2726810565775395,0.0026433077874195034,0.00012584311783657236,0.013196693956415836,0.0004726001654041126
30,180.749919,181.88352171350172,583.302405,583.9199060299401,720.032832,707.1377269164336,488.562218,488.5776234151023,1.1336027135017162,0.6175010299400583,12.895105083566364,0.015405415102350162,0.006271663742774436,0.0010586293227096471,0.017909051518870688,3.153214582456755E-05
31,166.307343,167.563892506451,454.647472,455.1651182525147,704.377748,684.0424943580637,410.882079,412.2871367909574,1.2565495064509946,0.5176462525146803,20.335253641936333,1.4050577909574145,0.007555586444857066,0.0011385662175521353,0.028869812681726472,0.003419613224254092
32,153.618153,155.03881119197655,368.81134,369.33267731897223,684.496135,652.5609270495075,352.945501,353.98673152949283,1.4206581919765426,0.5213373189722574,31.93520795049244,1.04123052949285,0.009247983810718924,0.0014135609793675473,0.046655059565080585,0.002950117019604254
33,141.854792,143.3717304070104,317.403132,317.755805120419,657.287667,614.0690087820223,312.167619,312.62817911320417,1.5169384070104002,0.35267312041895593,43.218658217977804,0.460560113204167,0.010693600023116598,0.001111120480118501,0.06575303385082046,0.0014753615851622554
34,132.481371,133.87235041361134,281.027315,281.39525131172286,621.82842,571.9217061050273,280.710585,281.19235660933487,1.3909794136113476,0.3679363117228718,49.90671389497277,0.48177160933488494,0.010499434019378827,0.0013092546243160448,0.08025801377005697,0.0017162573664077719
35,123.463567,124.8665567242846,253.227077,253.58368441024413,579.76891,529.2129386937315,256.030493,256.5011634753425,1.402989724284609,0.35660741024412346,50.555971306268475,0.4706704753425015,0.0113635929884045,0.0014082514969128812,0.08720021103972007,0.001838337573886176
36,115.597102,116.91911521562551,230.479567,230.83301482048117,534.450968,487.962098441758,236.065581,236.54831615563165,1.3220132156255033,0.35344782048116485,46.488869558242016,0.4827351556316444,0.011436387182314512,0.0015335321264342918,0.08698434906425694,0.0020449196938694945
37,107.37929,108.94888133485959,212.069609,212.38709269362553,489.285593,449.2363982510201,219.442311,219.94766147323875,1.5695913348595951,0.317483693625519,40.049194748979914,0.5053504732387637,0.01461726311339547,0.0014970730371154642,0.08185238911986505,0.0023028853047339795
38,100.603311,101.94026457268163,196.996471,197.2707040717129,446.63328,413.4944745248125,205.287613,205.81009478474584,1.3369535726816224,0.27423307171289935,33.138805475187496,0.5224817847458496,0.01328935955876862,0.0013920709864538605,0.07419690148299629,0.0025451208531800194
39,94.579672,95.75006054317764,184.19416,184.43019586167964,407.548767,380.8478757993999,192.965352,193.4988294080522,1.170388543177637,0.23603586167962476,26.700891200600097,0.5334774080521925,0.012374631021956146,0.0012814513862959866,0.06551581887278804,0.0027646279631184383
40,88.923104,90.0602477488787,172.931799,173.1351701080756,372.307568,351.2136672148348,182.198165,182.7229266536566,1.1371437488786995,0.20337110807560066,21.093900785165204,0.5247616536566113,0.012787944839157881,0.001176019154670337,0.05665719044734864,0.0028801698066312103
42,79.09716,79.28061473413881,153.491225,153.85869771483272,312.925646,301.9863577156873,164.795747,165.92578216363637,0.18345473413880597,0.36747271483272925,10.939288284312681,1.1300351636363644,0.0023193593061850257,0.0023940959154683224,0.03495810721858407,0.006857186451761794
44,71.943072,73.20911835281649,138.315439,138.67915323675263,266.136107,261.52741756539103,150.396154,151.53098551439564,1.2660463528164883,0.36371423675262804,4.608689434608948,1.1348315143956427,0.017597891188417536,0.002629599698936198,0.017317039339607338,0.007545615258190996
46,66.493974,67.71257144947015,124.394001,124.70977314600445,228.995276,228.02915947181498,138.623028,139.6254440697915,1.2185974494701526,0.3157721460044485,0.9661165281850117,1.0024160697915079,0.01832643435433943,0.0025384837167867,0.004218936499742518,0.007231237726184338
48,61.811101,62.92173936976836,111.2033,111.53084563504243,199.195398,199.9493767957159,125.582136,126.94138698779147,1.1106383697683597,0.3275456350424264,0.7539787957158808,1.3592509877914694,0.017968267055595073,0.002945466861526829,0.0037851215604683837,0.010823601437958257
50,57.661304,58.75696899401269,100.027799,100.3120136195592,174.662107,176.14838722771088,113.517566,114.65713409865118,1.0956649940126866,0.2842146195591937,1.4862802277108926,1.139568098651182,0.019001738046241317,0.002841356326946609,0.008509460084040396,0.010038693911488395
60,47.485804,47.953411815092096,67.252075,68.3452765335631,98.462199,110.62501423585903,77.305857,77.44993861929692,0.46760781509209437,1.0932015335630894,12.162815235859028,0.14408161929691232,0.009847318055141161,0.016255283328627246,0.12352776354161081,0.001863786586013946
70,43.606885,44.38758605396054,52.396491,53.29796308463602,65.909348,75.63815129971124,59.499604,60.38329050061378,0.7807010539605415,0.9014720846360191,9.728803299711245,0.8836865006137842,0.01790316033719312,0.017204817869120648,0.14760885359860101,0.014851972806638919
80,42.006173,43.064319794556006,45.683083,46.259016533525724,51.742641,57.61128054400766,50.831847,51.17191451513074,1.0581467945560092,0.5759335335257205,5.868639544007664,0.34006751513073397,0.02519026892918832,0.012607151175101743,0.11341979130921562,0.006690048369297577
90,41.372013,41.86567108190539,42.900736,43.77265843357692,45.421791,49.03158884857786,46.444245,47.239883728917334,0.4936580819053873,0.8719224335769198,3.6097978485778626,0.7956387289173321,0.011932174581531415,0.020324183565916438,0.07947282062430922,0.017131050982039476
100,41.051851,41.099250466377185,41.606002,42.925336005729996,42.603909,45.220145179039896,44.078257,44.758548086968524,0.04739946637718617,1.3193340057299991,2.6162361790398947,0.6802910869685235,0.001154624340256574,0.03171018464427318,0.061408359947438027,0.015433711159870125
