t,TM1,TN1,TM2,TN2,TM3,TN3,TM4,TN4,R1,R2,R3,R4,RE1,RE2,RE3,RE4
0,837.246283,849.9999999999999,851.165624,849.9999999999211,850.78344,850.0000000000013,841.52766,849.999999998872,12.753716999999938,1.1656240000788785,0.7834399999987909,8.47233999887203,0.015232933557257654,0.001369444403312602,0.0009208453798757423,0.010067809296811505
5,831.265154,832.8321761666159,850.28932,849.6655913394093,850.797007,849.9970825669309,842.201566,843.321549046446,1.5670221666158568,0.6237286605907002,0.7999244330691226,1.1199830464460092,0.0018851050823860912,0.0007335487414927194,0.0009402059792026545,0.0013298277890473659
10,818.267721,818.8002624287764,844.452604,844.4645322388483,850.847135,849.9671653036781,841.961315,840.8165294646784,0.5325414287763124,0.011928238848327055,0.8799696963218366,1.1447855353216028,0.0006508156378519939,1.4125409515969774E-05,0.0010342277244922927,0.001359665242246436
12,813.413497,813.5984281744725,839.809999,839.8174054135425,850.970158,849.9485881749517,841.115614,839.8954759418052,0.18493117447246732,0.007406413542526025,1.021569825048232,1.2201380581948342,0.00022735198660278356,8.819153798293875E-06,0.0012004766741164994,0.0014506187233790124
14,790.742278,790.7311270331977,835.531515,837.6609259501768,850.925317,849.9196945034821,838.593059,838.9997745774027,0.011150966802347284,2.129410950176748,1.0056224965178444,0.4067155774026787,1.4101897814988569E-05,0.002548570475138509,0.001181798774143001,0.00048499754802129683
15,719.52782,720.1636049521161,833.251128,833.2728627332343,850.858172,849.9020899067456,836.392364,837.3977945915541,0.6357849521160688,0.021734733234325176,0.9560820932543947,1.0054305915540453,0.0008836141347753153,2.608425299884524E-05,0.0011236679915843774,0.001202103982329094
16,648.811108,649.024911290455,831.811976,831.3518613561959,850.937965,849.880616332468,833.724924,835.0475098215024,0.21380329045496183,0.46011464380410416,1.0573486675319828,1.3225858215024573,0.0003295308724198998,0.0005531474144153272,0.0012425684491959208,0.0015863575424338128
17,595.259847,595.6374640373695,830.861663,829.5143228065879,850.903472,849.8544583153597,830.704442,832.2219638791536,0.37761703736941854,1.3473401934121512,1.049013684640272,1.5175218791536054,0.0006343734408973473,0.0016216179580934055,0.0012328233685245465,0.0018267891712484732
18,554.96436,554.997078539845,808.677463,808.8919881029632,851.019139,849.8227265762856,827.550967,829.1524530328455,0.0327185398449501,0.2145251029631936,1.1964124237143778,1.6014860328455143,5.895610998326108E-05,0.000265278943433587,0.001405858421844938,0.0019352113606381832
19,524.587877,524.7390845489567,751.085744,752.5819351746366,851.287047,849.7844937369214,824.11787,824.1200076734775,0.15120754895667687,1.4961911746365786,1.502553263078653,0.0021376734774776196,0.00028824064677475733,0.0019920377754321732,0.0017650371497766402,2.5938928826741976E-06
20,501.003605,501.1585808039512,671.632556,671.6780521344681,851.477697,849.7391811318857,821.431891,821.7241281880099,0.15497580395123123,0.045496134468066884,1.7385158681142912,0.292237188009949,0.00030933071619560745,6.7739620513671E-05,0.0020417632478684773,0.0003557655737643488
21,481.894961,482.0806119106364,613.349635,613.3925095475158,851.608099,849.6875235316296,818.536979,819.8669758211762,0.18565091063635464,0.04287454751579389,1.92057546837043,1.3299968211762234,0.00038525181971420247,6.990229563892035E-05,0.002255233916429005,0.0016248463481772929
22,465.473279,465.64716215937744,574.545097,576.5232899980556,851.738275,849.6321458966158,814.417367,814.4249834056096,0.17388315937745347,1.9781929980555333,2.1061291033842053,0.0076164056096104105,0.00037356206515444995,0.0034430595759753443,0.002472742114805402,9.351968558414116E-06
23,451.591612,451.7808372023904,547.755724,549.6997476761278,851.778985,849.5756738536992,765.42243,765.7640001818718,0.1892252023903893,1.944023676127813,2.203311146300848,0.3415701818718162,0.0004190184169992717,0.0035490704906404828,0.0025867169595653362,0.0004462505519622886
24,438.513468,438.688384819688,526.87883,528.549502758006,851.760585,849.5157732026936,670.362564,671.1836799084115,0.17491681968800776,1.6706727580060488,2.2448117973063972,0.821115908411457,0.0003988858551728855,0.0031708860991929563,0.002635496214357462,0.00122488329824375
25,426.329032,426.5009918570156,510.458206,511.9525733558247,851.682846,849.4394561572393,597.079943,597.1470592651136,0.17195985701562222,1.4943673558246928,2.2433898427607346,0.0671162651136683,0.0004033500984179333,0.002927501876274456,0.0026340671921443568,0.00011240750237974132
26,415.76731,415.952722804881,496.977598,498.3886599305246,851.471488,849.319938235099,546.849108,546.9248795884326,0.18541280488096845,1.4110619305246246,2.151549764901006,0.07577158843264442,0.00044595330229538357,0.0028392867932140165,0.0025268606115687172,0.00013856032189531233
27,405.831206,406.0058209486728,486.770848,488.0318433300439,851.144927,849.1175477369256,510.817479,511.0291750868617,0.17461494867279725,1.2609953300438974,2.0273792630744083,0.21169608686170704,0.0004302649626031894,0.0025905317362881547,0.0023819436605470225,0.00041442608282734006
28,397.559777,397.74869164843994,477.754219,478.9566306897035,850.603168,848.7838942353835,484.066708,484.37364286509643,0.18891464843994754,1.2024116897035242,1.8192737646164687,0.306934865096423,0.00047518551767360395,0.0025167997306655377,0.002138804360315372,0.0006340755520340865
29,389.396005,389.5582799536434,470.0713,471.1952812140148,849.83595,848.2674363399806,463.120275,463.4723639653366,0.16227495364341848,1.1239812140148047,1.5685136600194483,0.3520889653366339,0.00041673502439609897,0.002391086658587335,0.001845666401873736,0.0007602538354353714
30,382.538294,382.70927165682605,462.977055,464.05922186985447,848.754911,847.518800557165,446.362134,446.7380434873294,0.1709776568260395,1.0821668698544613,1.2361104428349563,0.37590948732935203,0.0004469556630219078,0.002337409290951711,0.0014563809019715426,0.0008421625821184734
31,375.948503,376.09848566521674,456.701244,457.7279540266492,847.30768,846.4949047688627,432.209263,432.57373409828716,0.14998266521672576,1.026710026649198,0.812775231137266,0.3644710982871402,0.00039894470657521347,0.0022480999124434137,0.0009592444991614687,0.0008432746113706966
32,369.701939,369.8407574295684,451.054451,452.0359480748224,845.477644,845.1615698914273,420.211994,420.57142573647855,0.13881842956840273,0.9814970748224141,0.3160741085727068,0.3594317364785411,0.00037548742628694393,0.0021760057408732104,0.0003738408825067724,0.0008553581087895866
33,363.618966,363.7448782011587,446.109468,447.0392313507107,843.215267,843.4946982131225,410.070701,410.4193754376044,0.12591220115871238,0.9297633507106866,0.27943121312250696,0.34867443760441574,0.00034627512020017235,0.0020841596455663807,0.0003313877535883218,0.000850278834245258
34,358.149377,358.2717522389997,441.686683,442.5763552644801,840.575381,841.4802960589325,401.115475,401.4402125955846,0.12237523899966618,0.8896722644801116,0.9049150589324881,0.32473759558462234,0.0003416877059084377,0.0020142610106271,0.0010765424248518267,0.0008095863057505381
35,352.474709,352.5771526736695,437.265658,438.1384194074824,837.555488,839.1136872487332,392.856706,393.1516932276593,0.10244367366948381,0.8727614074824146,1.5581992487332172,0.2949872276593055,0.00029064120362032504,0.0019959523267258613,0.0018604131559737537,0.000750877414472099
36,346.505873,346.59080885677486,433.237722,434.0754235418278,834.162127,836.3982525136307,385.6199,385.90423779105794,0.08493585677484816,0.8377015418277551,2.236125513630668,0.28433779105796475,0.000245120973100644,0.0019335840331737204,0.002680684535118756,0.0007373524837747346
37,340.261224,340.3267751762581,429.3279,430.14695721385397,830.388875,833.343973100277,378.762123,379.0152803511875,0.06555117625805451,0.8190572138539665,2.9550981002770413,0.25315735118755356,0.0001926495634367509,0.0019077661010476292,0.003558691824089095,0.0006683808538784475
38,334.806687,334.90289039907145,425.542328,426.3500356348221,826.288177,829.9659696128019,373.075895,373.32654238774876,0.09620339907144171,0.8077076348221226,3.677792612801909,0.2506473877487565,0.00028734013628420064,0.0018980664946264113,0.0044509805600206585,0.0006718402102841742
39,328.958281,329.02387684613836,422.486462,423.24615845539097,821.927661,826.2831449519459,368.288416,368.51992341093944,0.06559584613836478,0.7596964553909515,4.355483951945985,0.23150741093945726,0.00019940475715935778,0.001798155736859922,0.0052991086182047654,0.0006286035641681906
40,322.811309,322.85698325589607,419.269797,420.0203230493505,817.30994,822.3169837844521,362.641891,362.8215123564285,0.0456742558960741,0.7505260493505261,5.007043784452094,0.17962135642852672,0.00014148902043600368,0.0017900789771187029,0.006126248488366719,0.0004953133129027466
42,315.071309,315.27857075056556,412.873131,414.4354730784495,807.289374,813.4294233278933,354.057774,354.51802027377556,0.2072617505655785,1.5623420784494897,6.140049327893394,0.46024627377556726,0.0006578248943815399,0.0037840730266593438,0.007605760122259945,0.0012999185657636973
44,306.569829,306.67902967279895,406.959214,408.5529452121197,796.534208,803.7696281334514,347.044146,347.394112561662,0.1092006727989201,1.5937312121197351,7.235420133451385,0.34996656166197226,0.00035620163000097473,0.003916193950875222,0.009083627621742247,0.0010084208758328176
46,300.494843,300.59933063826725,401.634535,403.18909789651553,785.188533,793.5082728884926,339.856595,340.11416896800677,0.10448763826724417,1.554562896515506,8.319739888492563,0.2575739680067386,0.00034771857388329343,0.003870590701358652,0.0105958499631993,0.0007578901566019002
48,294.410462,294.4700695809469,396.440132,397.972708854134,773.476209,782.7981431343554,334.103376,334.3194764089794,0.05960758094693119,1.5325768541339926,9.321934134355388,0.21610040897940053,0.00020246420776626883,0.0038658468969887047,0.01205199853064309,0.0006468070199308627
50,287.199455,287.21981661151915,391.050396,392.5715763890295,761.527549,771.771978735507,328.154521,328.30352582843557,0.020361611519149392,1.521180389029496,10.24442973550697,0.14900482843557938,7.089711057825438E-05,0.003889985548127398,0.013452474239388244,0.00045406910129261756
60,257.95468,257.99064537714685,369.176722,369.38212191459377,701.550341,716.0156861101619,303.42486,303.52089634583393,0.03596537714685155,0.2053999145937837,14.465345110161934,0.09603634583390885,0.0001394251778911379,0.0005563728760606518,0.020619112079031738,0.00031650783602210067
70,235.021356,236.67053394935874,348.301724,348.4440776151449,645.452703,663.7079639630126,285.374883,284.5624008089432,1.6491779493587444,0.14235361514494116,18.255260963012574,0.8124821910568016,0.007017140814040509,0.00040870775346762614,0.02828287940876835,0.00284706972987809
80,215.612022,215.71693344338976,329.134895,329.1884758787854,595.046883,615.9917233423687,269.31809,269.37941595164676,0.1049114433897671,0.05358087878545348,20.944840342368707,0.06132595164677923,0.00048657511031442903,0.00016279306630630425,0.035198638864845054,0.00022770825252317524
90,199.727077,199.99326568179723,310.72718,310.83953860144186,550.412612,572.8908138096574,255.19107,255.36605309594157,0.26618868179721744,0.11235860144188337,22.478201809657435,0.17498309594157035,0.0013327621161612325,0.00036159888375997035,0.04083882040416879,0.0006856944325738764
100,187.732949,188.25944564108028,294.02729,294.12908667875007,510.801716,534.0265034616161,244.479167,244.87982466460076,0.5264966410802856,0.10179667875007681,23.22478746161613,0.40065766460077157,0.0028044977926612426,0.0003462150698667352,0.045467324666575964,0.0016388212931074473
110,175.816719,176.58480653886159,278.590292,278.68012343085115,475.521875,498.9215902095598,232.594342,233.17965004156312,0.7680875388615789,0.08983143085117717,23.39971520955976,0.5853080415631098,0.004368683156131351,0.00032244996839723755,0.04920849374081846,0.0025164328441106697
120,165.00998,165.94808181161306,264.24832,264.3284795476644,443.786381,467.1125563241319,223.868844,224.5955014901642,0.938101811613052,0.08015954766443656,23.326175324131896,0.7266574901642002,0.0056851216612052915,0.0003033493180370515,0.052561719608362416,0.0032459071891406213
130,155.913526,156.99995185658682,250.556871,250.62912877504306,415.128482,438.1787423867232,214.503593,215.31456634864864,1.0864258565868283,0.07225777504305597,23.050260386723153,0.8109733486486448,0.006968130889342008,0.00028838871891506007,0.05552560565266912,0.0037806982032634055
140,147.690531,148.87786354590978,239.434095,239.49306447248648,389.158933,411.7821238182326,206.308242,207.14837633175912,1.1873325459097828,0.05896947248646711,22.623190818232615,0.840134331759117,0.008039327490194904,0.0002462868643935907,0.05813355135864918,0.004072228640090477
150,140.251879,141.50264940183627,227.3534,227.4119696976339,365.553417,387.62834776172474,197.898112,198.74677831158345,1.250770401836263,0.05856969763391362,22.074930761724715,0.8486663115834574,0.008918029553359946,0.0002576152264884256,0.06038770186553807,0.004288400242966731
160,132.460881,133.72604383626268,217.408146,217.45273102878872,344.081209,365.4636229477676,189.862245,190.67691052628953,1.2651628362626752,0.04458502878873105,21.38241394776759,0.8146655262895308,0.009551218644413781,0.00020507524492081845,0.062143509696187996,0.00429082425676327
170,125.971579,127.22253750502676,207.839942,207.87946161452197,324.474431,345.0766466074405,181.34823,182.16467876147163,1.2509585050267589,0.039519614521964286,20.60221560744054,0.8164487614716336,0.00993048205759776,0.00019014446473413797,0.0634941112122346,0.004502104936296503
180,120.808463,122.07112761018267,199.491235,199.52483760297542,306.572968,326.2974710064006,176.41742,177.1163957296202,1.262664610182668,0.03360260297543505,19.724503006400596,0.6989757296202015,0.01045178937656601,0.00016844150057738152,0.06433868952986291,0.003962056182548195
190,115.587711,116.82647938836097,190.799712,190.82947364500654,290.149371,308.9704143703549,168.840386,169.74687568284236,1.2387683883609668,0.029761645006544768,18.821043370354914,0.9064896828423628,0.010717128816236933,0.00015598369984198281,0.06486673848538144,0.005368915010904813
200,111.130276,112.3403237177193,183.054492,183.08037658103905,275.093995,292.94945507535124,163.300207,163.9308521753316,1.2100477177193056,0.025884581039036902,17.855460075351232,0.6306451753316082,0.010888551358581218,0.00014140369218056063,0.06490676059777761,0.0038618761538471796
